MAE:0.03832079444444444
MSE:0.0022569865490944443
RMSE:0.04750775251571521
R2:0.8589143007316858
